[
  {
    "step": 0,
    "tcp_matrix": [
      [
        -0.8966537117958069,
        -0.4195503890514374,
        0.1413843035697937,
        0.23476236701011657
      ],
      [
        -0.062095291912555695,
        0.4353630542755127,
        0.8981109261512756,
        -0.014756693728268147
      ],
      [
        -0.43835628032684326,
        0.7965152263641357,
        -0.416422039270401,
        0.4509028220176697
      ],
      [
        0.0,
        0.0,
        0.0,
        1.0
      ]
    ]
  },
  {
    "step": 1,
    "tcp_matrix": [
      [
        -0.9230556488037109,
        -0.35884562134742737,
        0.13855735957622528,
        0.19389648258686065
      ],
      [
        -0.034697581082582474,
        0.436405211687088,
        0.8990809917449951,
        -0.013104970455169678
      ],
      [
        -0.38309839367866516,
        0.8250942230224609,
        -0.415277361869812,
        0.43898299396038054
      ],
      [
        0.0,
        0.0,
        0.0,
        1.0
      ]
    ]
  },
  {
    "step": 2,
    "tcp_matrix": [
      [
        -0.9465805292129517,
        -0.3002960979938507,
        0.1175054982304573,
        0.16906804025173186
      ],
      [
        -0.03717290982604027,
        0.46358156204223633,
        0.8852741718292236,
        -0.013211753368377686
      ],
      [
        -0.32031774520874023,
        0.8336153030395508,
        -0.4499801993370056,
        0.455704402923584
      ],
      [
        0.0,
        0.0,
        0.0,
        1.0
      ]
    ]
  },
  {
    "step": 3,
    "tcp_matrix": [
      [
        -0.9604312777519226,
        -0.25959742069244385,
        0.10090111196041107,
        0.1449642026424408
      ],
      [
        -0.03597969189286232,
        0.4748871922492981,
        0.8793109059333801,
        -0.012678287923336029
      ],
      [
        -0.27618348598480225,
        0.8408873081207275,
        -0.4654366970062256,
        0.4678931951522827
      ],
      [
        0.0,
        0.0,
        0.0,
        1.0
      ]
    ]
  },
  {
    "step": 4,
    "tcp_matrix": [
      [
        -0.969813883304596,
        -0.2204238921403885,
        0.10428034514188766,
        0.12010523438453674
      ],
      [
        -0.020744794979691505,
        0.5006774663925171,
        0.8653852939605713,
        -0.011034919954836369
      ],
      [
        -0.24296243488788605,
        0.8370993733406067,
        -0.4901365637779236,
        0.4693584641814232
      ],
      [
        0.0,
        0.0,
        0.0,
        1.0
      ]
    ]
  },
  {
    "step": 5,
    "tcp_matrix": [
      [
        -0.9769230484962463,
        -0.18660691380500793,
        0.10391895473003387,
        0.09780509889125824
      ],
      [
        -0.009242785163223743,
        0.5230096578598022,
        0.8522766828536987,
        -0.009516644570976496
      ],
      [
        -0.21339131891727448,
        0.8316482901573181,
        -0.5126649141311646,
        0.46963302820920944
      ],
      [
        0.0,
        0.0,
        0.0,
        1.0
      ]
    ]
  },
  {
    "step": 6,
    "tcp_matrix": [
      [
        -0.9824225902557373,
        -0.16100503504276276,
        0.09446293860673904,
        0.08329176485538482
      ],
      [
        -0.008431785739958286,
        0.5437988638877869,
        0.8391732573509216,
        -0.00881502052769065
      ],
      [
        -0.18647994101047516,
        0.8236262798309326,
        -0.5355978608131409,
        0.4842484423518181
      ],
      [
        0.0,
        0.0,
        0.0,
        1.0
      ]
    ]
  },
  {
    "step": 7,
    "tcp_matrix": [
      [
        -0.986591637134552,
        -0.1312520056962967,
        0.09700416773557663,
        0.06843783140182495
      ],
      [
        -0.0011364852543920279,
        0.5998691916465759,
        0.8000973463058472,
        -0.007341854120604694
      ],
      [
        -0.163204163312912,
        0.789259135723114,
        -0.5919750928878784,
        0.4888226848840713
      ],
      [
        0.0,
        0.0,
        0.0,
        1.0
      ]
    ]
  },
  {
    "step": 8,
    "tcp_matrix": [
      [
        -0.98847496509552,
        -0.10436905175447464,
        0.10965517908334732,
        0.057614004015922544
      ],
      [
        0.014838441275060177,
        0.6540642976760864,
        0.7562934160232544,
        -0.005011921655386687
      ],
      [
        -0.15065515041351318,
        0.7492042779922485,
        -0.6449775099754333,
        0.48234054565429685
      ],
      [
        0.0,
        0.0,
        0.0,
        1.0
      ]
    ]
  },
  {
    "step": 9,
    "tcp_matrix": [
      [
        -0.9892023205757141,
        -0.08918999880552292,
        0.11629213392734528,
        0.05083181142807007
      ],
      [
        0.030451949685811996,
        0.6510945558547974,
        0.7583854794502258,
        -0.002877214327454567
      ],
      [
        -0.14335757493972778,
        0.7537380456924438,
        -0.6413482427597046,
        0.48345101952552794
      ],
      [
        0.0,
        0.0,
        0.0,
        1.0
      ]
    ]
  },
  {
    "step": 10,
    "tcp_matrix": [
      [
        -0.9884433150291443,
        -0.055776044726371765,
        0.1409572809934616,
        0.044032437205314634
      ],
      [
        0.05232638120651245,
        0.7471617460250854,
        0.6625792980194092,
        -0.00027946896851062776
      ],
      [
        -0.14227394759655,
        0.6622978448867798,
        -0.7356083989143372,
        0.4777678719162941
      ],
      [
        0.0,
        0.0,
        0.0,
        1.0
      ]
    ]
  },
  {
    "step": 11,
    "tcp_matrix": [
      [
        -0.983401894569397,
        -0.029159530997276327,
        0.17908234894275665,
        0.041307632923126225
      ],
      [
        0.08272291719913483,
        0.8063951730728148,
        0.5855628848075868,
        0.0032801415026187898
      ],
      [
        -0.16148586571216583,
        0.5906578302383424,
        -0.7905983328819274,
        0.4865137240290642
      ],
      [
        0.0,
        0.0,
        0.0,
        1.0
      ]
    ]
  },
  {
    "step": 12,
    "tcp_matrix": [
      [
        -0.9772164225578308,
        0.01965587586164472,
        0.21133320033550262,
        0.036840510666370396
      ],
      [
        0.11796779185533524,
        0.8780380487442015,
        0.46382427215576183,
        0.007415118664503098
      ],
      [
        -0.17644168436527252,
        0.4781872034072877,
        -0.8603519201278685,
        0.4752451774477959
      ],
      [
        0.0,
        0.0,
        0.0,
        1.0
      ]
    ]
  },
  {
    "step": 13,
    "tcp_matrix": [
      [
        -0.9730833172798157,
        0.010795414447784396,
        0.23020078241825104,
        0.03589821875095367
      ],
      [
        0.09889054298400879,
        0.9218199849128723,
        0.37479159235954296,
        0.008434018343687058
      ],
      [
        -0.20815762877464294,
        0.3874681293964387,
        -0.8980751633644104,
        0.4809361034631729
      ],
      [
        0.0,
        0.0,
        0.0,
        1.0
      ]
    ]
  },
  {
    "step": 14,
    "tcp_matrix": [
      [
        -0.976867139339447,
        0.04075855761766431,
        0.20992685854434967,
        0.03474551618099213
      ],
      [
        0.08338232338428497,
        0.9765674471855164,
        0.1984023302793504,
        0.00843209471553564
      ],
      [
        -0.19692112505435944,
        0.21131691336631786,
        -0.957375168800354,
        0.48186503261327746
      ],
      [
        0.0,
        0.0,
        0.0,
        1.0
      ]
    ]
  }
]